159 1754755697 0.000000 0.000000 -101.000000 0.000000 0.000000
159 1754755698 0.000000 0.000000 -101.000000 0.000000 0.000000
159 1754755699 0.000000 0.000000 -101.000000 0.000000 0.000000
159 1754755700 0.000000 0.000000 -101.000000 0.000000 0.000000
159 1754755701 2.000000 0.800000 1.600000 1.600000 -20.200000
159 1754755702 2.000000 0.800000 3.200000 3.200000 -20.200000
159 1754755703 2.000000 0.800000 4.800000 4.800000 -20.200000
159 1754755704 2.000000 0.800000 6.400000 6.400000 -20.200000
159 1754755705 2.000000 0.800000 8.000000 8.000000 -20.200000
159 1754755706 1.200000 2.000000 10.400000 10.400000 -20.200000
159 1754755707 1.200000 2.000000 12.800000 12.800000 -20.200000
159 1754755708 1.200000 2.000000 15.200000 15.200000 -20.200000
159 1754755709 1.200000 2.000000 17.600000 17.600000 -20.200000
159 1754755710 1.200000 2.000000 20.000000 20.000000 -20.200000
159 1754755711 0.000000 2.000000 20.000000 20.000000 -20.200000
159 1754755712 0.000000 2.000000 20.000000 20.000000 -20.200000
159 1754755713 0.000000 2.000000 20.000000 20.000000 -20.200000
159 1754755714 0.000000 2.000000 20.000000 20.000000 -20.200000
159 1754755715 0.000000 2.000000 20.000000 20.000000 -20.200000
159 1754755716 0.000000 2.000000 20.000000 20.000000 -20.200000
159 1754755717 0.000000 2.000000 20.000000 20.000000 -20.200000
159 1754755718 0.000000 2.000000 20.000000 20.000000 -20.200000
159 1754755719 0.000000 2.000000 20.000000 20.000000 -20.200000
159 1754755720 0.000000 2.000000 20.000000 20.000000 -20.200000
159 1754755721 0.000000 2.000000 20.000000 20.000000 -20.200000
159 1754755722 0.000000 2.000000 20.000000 20.000000 -20.200000
159 1754755723 0.000000 2.000000 20.000000 20.000000 -20.200000
159 1754755724 0.000000 2.000000 20.000000 20.000000 -20.200000
159 1754755725 0.000000 2.000000 20.000000 20.000000 -20.200000
159 1754755726 0.666667 2.400000 21.600000 21.600000 -20.200000
159 1754755727 0.666667 2.400000 23.200000 23.200000 -20.200000
159 1754755728 0.666667 2.400000 24.800000 24.800000 -20.200000
159 1754755729 0.666667 2.400000 26.400000 26.400000 -20.200000
159 1754755730 0.666667 2.400000 28.000000 28.000000 -20.200000
159 1754755731 0.937500 3.200000 31.000000 31.000000 -20.200000
159 1754755732 0.937500 3.200000 34.000000 34.000000 -20.200000
159 1754755733 0.937500 3.200000 37.000000 37.000000 -20.200000
159 1754755734 0.937500 3.200000 40.000000 40.000000 -20.200000
159 1754755735 0.937500 3.200000 43.000000 43.000000 -20.200000
159 1754755736 0.315789 3.800000 44.200000 44.200000 -20.200000
159 1754755737 0.315789 3.800000 45.400000 45.400000 -20.200000
159 1754755738 0.315789 3.800000 46.600000 46.600000 -20.200000
159 1754755739 0.315789 3.800000 47.800000 47.800000 -20.200000
159 1754755740 0.315789 3.800000 49.000000 49.000000 -20.200000
159 1754755741 0.000000 3.800000 49.000000 49.000000 -20.200000
159 1754755742 0.000000 3.800000 49.000000 49.000000 -20.200000
159 1754755743 0.000000 3.800000 49.000000 49.000000 -20.200000
159 1754755744 0.000000 3.800000 49.000000 49.000000 -20.200000
159 1754755745 0.000000 3.800000 49.000000 49.000000 -20.200000
159 1754755746 0.000000 3.800000 49.000000 49.000000 -20.200000
159 1754755747 0.000000 3.800000 49.000000 49.000000 -20.200000
159 1754755748 0.000000 3.800000 49.000000 49.000000 -20.200000
159 1754755749 0.000000 3.800000 49.000000 49.000000 -20.200000
159 1754755750 0.000000 3.800000 49.000000 49.000000 -20.200000
159 1754755751 0.000000 3.800000 49.000000 49.000000 -20.200000
159 1754755752 0.000000 3.800000 49.000000 49.000000 -20.200000
159 1754755753 0.000000 3.800000 49.000000 49.000000 -20.200000
159 1754755754 0.000000 3.800000 49.000000 49.000000 -20.200000
159 1754755755 0.000000 3.800000 49.000000 49.000000 -20.200000
159 1754755756 -0.100000 4.000000 48.600000 48.600000 -20.200000
159 1754755757 -0.100000 4.000000 48.200000 48.200000 -20.200000
159 1754755758 -0.100000 4.000000 47.800000 47.800000 -20.200000
159 1754755759 -0.100000 4.000000 47.400000 47.400000 -20.200000
159 1754755760 -0.100000 4.000000 47.000000 47.000000 -20.200000
159 1754755761 -0.047619 4.200000 46.800000 46.800000 -20.200000
159 1754755762 -0.047619 4.200000 46.600000 46.600000 -20.200000
159 1754755763 -0.047619 4.200000 46.400000 46.400000 -20.200000
159 1754755764 -0.047619 4.200000 46.200000 46.200000 -20.200000
159 1754755765 -0.047619 4.200000 46.000000 46.000000 -20.200000
159 1754755766 -0.120000 5.000000 45.400000 45.400000 -20.200000
159 1754755767 -0.120000 5.000000 44.800000 44.800000 -20.200000
159 1754755768 -0.120000 5.000000 44.200000 44.200000 -20.200000
159 1754755769 -0.120000 5.000000 43.600000 43.600000 -20.200000
159 1754755770 -0.120000 5.000000 43.000000 43.000000 -20.200000
159 1754755771 0.000000 5.000000 43.000000 43.000000 -20.200000
159 1754755772 0.000000 5.000000 43.000000 43.000000 -20.200000
159 1754755773 0.000000 5.000000 43.000000 43.000000 -20.200000
159 1754755774 0.000000 5.000000 43.000000 43.000000 -20.200000
159 1754755775 0.000000 5.000000 43.000000 43.000000 -20.200000
159 1754755776 0.000000 5.200000 43.000000 43.000000 -20.200000
159 1754755777 0.000000 5.200000 43.000000 43.000000 -20.200000
159 1754755778 0.000000 5.200000 43.000000 43.000000 -20.200000
159 1754755779 0.000000 5.200000 43.000000 43.000000 -20.200000
159 1754755780 0.000000 5.200000 43.000000 43.000000 -20.200000
159 1754755781 0.000000 5.200000 43.000000 43.000000 -20.200000
159 1754755782 0.000000 5.200000 43.000000 43.000000 -20.200000
159 1754755783 0.000000 5.200000 43.000000 43.000000 -20.200000
159 1754755784 0.000000 5.200000 43.000000 43.000000 -20.200000
159 1754755785 0.000000 5.200000 43.000000 43.000000 -20.200000
159 1754755786 -0.068966 5.800000 42.600000 42.600000 -20.200000
159 1754755787 -0.068966 5.800000 42.200000 42.200000 -20.200000
159 1754755788 -0.068966 5.800000 41.800000 41.800000 -20.200000
159 1754755789 -0.068966 5.800000 41.400000 41.400000 -20.200000
159 1754755790 -0.068966 5.800000 41.000000 41.000000 -20.200000
159 1754755791 0.000000 5.800000 41.000000 41.000000 -20.200000
159 1754755792 0.000000 5.800000 41.000000 41.000000 -20.200000
159 1754755793 0.000000 5.800000 41.000000 41.000000 -20.200000
159 1754755794 0.000000 5.800000 41.000000 41.000000 -20.200000
159 1754755795 0.000000 5.800000 41.000000 41.000000 -20.200000
159 1754755796 0.000000 5.800000 41.000000 41.000000 -20.200000
159 1754755797 0.000000 5.800000 41.000000 41.000000 -20.200000
159 1754755798 0.000000 5.800000 41.000000 41.000000 -20.200000
159 1754755799 0.000000 5.800000 41.000000 41.000000 -20.200000
159 1754755800 0.000000 5.800000 41.000000 41.000000 -20.200000
159 1754755801 -0.432432 7.400000 37.800000 37.800000 -20.200000
159 1754755802 -0.432432 7.400000 34.600000 34.600000 -20.200000
159 1754755803 -0.432432 7.400000 31.400000 31.400000 -20.200000
159 1754755804 -0.432432 7.400000 28.200000 28.200000 -20.200000
159 1754755805 -0.432432 7.400000 25.000000 25.000000 -20.200000
159 1754755806 0.000000 7.400000 25.000000 25.000000 -20.200000
159 1754755807 0.000000 7.400000 25.000000 25.000000 -20.200000
159 1754755808 0.000000 7.400000 25.000000 25.000000 -20.200000
159 1754755809 0.000000 7.400000 25.000000 25.000000 -20.200000
159 1754755810 0.000000 7.400000 25.000000 25.000000 -20.200000
159 1754755811 0.000000 7.400000 25.000000 25.000000 -20.200000
159 1754755812 0.000000 7.400000 25.000000 25.000000 -20.200000
159 1754755813 0.000000 7.400000 25.000000 25.000000 -20.200000
159 1754755814 0.000000 7.400000 25.000000 25.000000 -20.200000
159 1754755815 0.000000 7.400000 25.000000 25.000000 -20.200000
159 1754755816 0.000000 7.400000 25.000000 25.000000 -20.200000
159 1754755817 0.000000 7.400000 25.000000 25.000000 -20.200000
159 1754755818 0.000000 7.400000 25.000000 25.000000 -20.200000
159 1754755819 0.000000 7.400000 25.000000 25.000000 -20.200000
159 1754755820 0.000000 7.400000 25.000000 25.000000 -20.200000
159 1754755882 -2.000000 0.500000 0.000000 0.000000 5101.000000
159 1754755881 -2.000000 0.500000 1.000000 1.000000 5101.000000
159 1754755880 0.000000 0.200000 2.000000 2.000000 2040.200000
159 1754755879 0.000000 0.200000 2.000000 2.000000 2040.200000
159 1754755878 0.000000 0.200000 2.000000 2.000000 2040.200000
159 1754755877 0.000000 0.200000 2.000000 2.000000 2040.200000
159 1754755876 0.000000 0.200000 2.000000 2.000000 2040.200000
159 1754755875 0.000000 0.200000 2.000000 2.000000 2040.200000
159 1754755874 0.000000 0.200000 2.000000 2.000000 2040.200000
159 1754755873 0.000000 0.200000 2.000000 2.000000 2040.200000
159 1754755872 0.000000 0.200000 2.000000 2.000000 2040.200000
159 1754755871 0.000000 0.200000 2.000000 2.000000 2040.200000
159 1754755870 0.000000 0.200000 2.000000 2.000000 2040.200000
159 1754755869 0.000000 0.200000 2.000000 2.000000 2040.200000
159 1754755868 0.000000 0.200000 2.000000 2.000000 2040.200000
159 1754755867 0.000000 0.200000 2.000000 2.000000 2040.200000
159 1754755866 0.000000 0.200000 2.000000 2.000000 2040.200000
159 1754755865 -5.000000 0.200000 2.000000 2.000000 2040.400000
159 1754755864 -5.000000 0.200000 3.000000 3.000000 2040.400000
159 1754755863 -5.000000 0.200000 4.000000 4.000000 2040.400000
159 1754755862 -5.000000 0.200000 5.000000 5.000000 2040.400000
159 1754755861 -5.000000 0.200000 6.000000 6.000000 2040.400000
159 1754755860 0.000000 0.200000 7.000000 7.000000 2040.200000
159 1754755859 0.000000 0.200000 7.000000 7.000000 2040.200000
159 1754755858 0.000000 0.200000 7.000000 7.000000 2040.200000
159 1754755857 0.000000 0.200000 7.000000 7.000000 2040.200000
159 1754755856 0.000000 0.200000 7.000000 7.000000 2040.200000
159 1754755855 0.000000 0.200000 7.000000 7.000000 2040.200000
159 1754755854 0.000000 0.200000 7.000000 7.000000 2040.200000
159 1754755853 0.000000 0.200000 7.000000 7.000000 2040.200000
159 1754755852 0.000000 0.200000 7.000000 7.000000 2040.200000
159 1754755851 0.000000 0.200000 7.000000 7.000000 2040.200000
159 1754755850 0.000000 0.200000 7.000000 7.000000 2040.200000
159 1754755849 0.000000 0.200000 7.000000 7.000000 2040.200000
159 1754755848 0.000000 0.200000 7.000000 7.000000 2040.200000
159 1754755847 0.000000 0.200000 7.000000 7.000000 2040.200000
159 1754755846 0.000000 0.200000 7.000000 7.000000 2040.200000
159 1754755845 0.000000 0.200000 7.000000 7.000000 2040.200000
159 1754755844 0.000000 0.200000 7.000000 7.000000 2040.200000
159 1754755843 0.000000 0.200000 7.000000 7.000000 2040.200000
159 1754755842 0.000000 0.200000 7.000000 7.000000 2040.200000
159 1754755841 0.000000 0.200000 7.000000 7.000000 2040.200000
159 1754755840 -10.000000 0.200000 7.000000 7.000000 2041.000000
159 1754755839 -10.000000 0.200000 9.000000 9.000000 2041.000000
159 1754755838 -10.000000 0.200000 11.000000 11.000000 2041.000000
159 1754755837 -10.000000 0.200000 13.000000 13.000000 2041.000000
159 1754755836 -10.000000 0.200000 15.000000 15.000000 2041.000000
159 1754755835 0.000000 0.200000 17.000000 17.000000 2040.200000
159 1754755834 0.000000 0.200000 17.000000 17.000000 2040.200000
159 1754755833 0.000000 0.200000 17.000000 17.000000 2040.200000
159 1754755832 0.000000 0.200000 17.000000 17.000000 2040.200000
159 1754755831 0.000000 0.200000 17.000000 17.000000 2040.200000
159 1754755830 -2.000000 0.200000 17.000000 17.000000 2040.232000
159 1754755829 -2.000000 0.200000 17.400000 17.400000 2040.232000
159 1754755828 -2.000000 0.200000 17.800000 17.800000 2040.232000
159 1754755827 -2.000000 0.200000 18.200000 18.200000 2040.232000
159 1754755826 -2.000000 0.200000 18.600000 18.600000 2040.232000
159 1754755825 -6.000000 0.200000 19.000000 19.000000 2040.488000
159 1754755824 -6.000000 0.200000 20.200000 20.200000 2040.488000
159 1754755823 -6.000000 0.200000 21.400000 21.400000 2040.488000
159 1754755822 -6.000000 0.200000 22.600000 22.600000 2040.488000
159 1754755821 -6.000000 0.200000 23.800000 23.800000 2040.488000
